Linux 5.4.0-216-generic (user2024128055) 	04/14/2026 	_aarch64_	(1 CPU)

03:00:53 AM kbmemfree   kbavail kbmemused  %memused kbbuffers  kbcached  kbcommit   %commit  kbactive   kbinact   kbdirty
03:00:54 AM    627400   1555632    279288     13.94     70704    882400   1850512     45.12    623532    562456       168
03:00:55 AM    627400   1555632    279288     13.94     70704    882400   1850512     45.12    623532    562456       168
03:00:56 AM    627400   1555632    279288     13.94     70704    882400   1850512     45.12    623532    562456       168
03:00:57 AM    627400   1555632    279288     13.94     70704    882400   1850512     45.12    623532    562456       168
03:00:58 AM    627400   1555632    279288     13.94     70704    882400   1850512     45.12    623532    562456       168
03:00:59 AM    627400   1555632    279280     13.94     70712    882400   1850512     45.12    623532    562456       180

Average:       627400   1555632    279287     13.94     70705    882400   1850512     45.12    623532    562456       170
