Linux 5.4.0-216-generic (user2024128055) 	04/14/26 	_aarch64_	(4 CPU)

15:23:33    kbmemfree   kbavail kbmemused  %memused kbbuffers  kbcached  kbcommit   %commit  kbactive   kbinact   kbdirty
15:23:34      2430608   2763652    937560     23.44     18008    457304   4113044     51.42    903776    392648       248
15:23:35      2430608   2763652    937540     23.44     18024    457308   4113044     51.42    903880    392652       308
15:23:36      2248516   2581764   1099320     27.49     18044    476600   4633864     57.93   1071940    403068       600
15:23:37      1972388   2317756   1361040     34.03     18128    488688   5595204     69.95   1330860    411704      8856
15:23:38      1937264   2292116   1387104     34.68     18156    497504   5086136     63.58   1372216    407908     13600
15:23:39      1979984   2329640   1349660     33.74     18244    492212   5022648     62.79   1307148    425276      3156
15:23:40      1984016   2333760   1345564     33.64     18272    492248   5022648     62.79   1305468    425328      3216
15:23:41      1986204   2336400   1342916     33.58     18272    492708   5022648     62.79   1303660    425780      3256
15:23:42      1976200   2326484   1352788     33.82     18272    492836   5045612     63.07   1315892    425908      3340
15:23:43      1975688   2325976   1353288     33.83     18272    492840   5045612     63.07   1316660    425912      3344
15:23:44      2029616   2379824   1299816     32.50     18272    492468   5008452     62.61   1258480    425560      3348
15:23:45      2029616   2380004   1299708     32.50     18280    492648   5008452     62.61   1259168    425740      3384
15:23:46      2029112   2379500   1300212     32.51     18280    492648   5008452     62.61   1259820    425740      3384
15:23:47      2033780   2384184   1295524     32.39     18280    492668   5008452     62.61   1255024    425760      3012
15:23:48      1970152   2335572   1343740     33.60     18508    507392   5065932     63.33   1304344    440344     16216
15:23:49      1843240   2211420   1466964     36.68     18620    509884   5237220     65.47   1430296    442848     16616
15:23:50      1767636   2141388   1536516     38.42     19032    515160   5401896     67.53   1498568    447976     17940
15:23:51      1691572   2068928   1607968     40.20     19932    517468   6133484     76.67   1568808    450144     19384
15:23:52      1688348   2074084   1603056     40.08     20356    525280   5537676     69.23   1565332    457612     19976
15:23:53      1672480   2058324   1618948     40.48     20416    525304   5558216     69.48   1579576    457624     20108
15:23:54      1671112   2056832   1620368     40.51     20504    525132   5558260     69.48   1579612    457472     19952
15:23:55      1663364   2049108   1628072     40.71     20632    525048   5558260     69.48   1591068    457376     19832
15:23:56      1760152   2146012   1531228     38.28     20632    525104   5475580     68.45   1492840    457564     19940
15:23:57      1762436   2148296   1528916     38.23     20632    525132   5475580     68.45   1490908    457592     19660
15:23:58      1753476   2139340   1537872     38.45     20632    525136   5490404     68.63   1499564    457592     19664
15:23:59      1710184   2099324   1574976     39.38     20652    531104   5538996     69.24   1538216    463552     20308
15:24:00      1717948   2107096   1567208     39.18     20652    531108   5540148     69.26   1527040    463560     20312
15:24:01      1696608   2086624   1585256     39.63     20676    534332   5549112     69.37   1547736    466740     20976
15:24:02      1695596   2086244   1587648     39.69     20736    532820   5546168     69.33   1549184    465156     21440
15:24:03      1703976   2094688   1579204     39.48     20736    532892   5550408     69.39   1539528    465256     21472
15:24:04      1704536   2095168   1578820     39.47     20816    532636   5546500     69.34   1537156    464988     21304
15:24:05      1715048   2105680   1568308     39.21     20816    532636   5547596     69.35   1526832    464988     21304
15:24:06      1699196   2090348   1583708     39.60     20816    533180   5588372     69.86   1548296    465360     21344
15:24:07      1646560   2053544   1620220     40.51     20848    549132   5606224     70.08   1584128    481044     21112
15:24:08      1562908   2003600   1666792     41.67     20860    585892   5650664     70.64   1632640    513900     22088
15:24:09      1579776   2021428   1643260     41.08     20932    592320   5609396     70.12   1604300    520144     22760
15:24:10      1572040   2013804   1653924     41.35     20984    589368   5610084     70.13   1616828    517120     22916
15:24:11      1520524   1962868   1701188     42.53     20996    593556   5624432     70.31   1664348    521260     23456
15:24:12      1513448   1956032   1705584     42.64     20996    596180   5643020     70.54   1670440    523880     21272
15:24:13      1489540   1933460   1720928     43.03     21028    604868   5670848     70.89   1683396    532488     22448
15:24:14      1482820   1927540   1726144     43.16     21104    606216   5682592     71.04   1690492    533816     22740
15:24:15      1465512   1910180   1740936     43.53     21196    608644   5691668     71.15   1707376    536228     22544
15:24:16      1431132   1879044   1771656     44.29     21196    612268   5719004     71.49   1737340    539212     22696
15:24:17      1427596   1875972   1774988     44.38     21264    612380   5737560     71.72   1738300    539564     23048
15:24:18      1436284   1884712   1769044     44.23     21264    609632   5737560     71.72   1732684    536808     23048
15:24:19      1439316   1887780   1765912     44.15     21264    609708   5737560     71.72   1730016    536888     23068
15:24:20      1439324   1887804   1765920     44.15     21264    609668   5737560     71.72   1730352    536844     23084
15:24:21      1436800   1885316   1767000     44.18     21264    611112   5737560     71.72   1731828    538288     23120
15:24:22      1442916   1891432   1760812     44.02     21272    611116   5733192     71.67   1723984    538288     17716
15:24:23      1442792   1891396   1760916     44.03     21288    611252   5733192     71.67   1724412    538312      4876
15:24:24      1441744   1890364   1761992     44.05     21288    611260   5731592     71.65   1725456    538324      4736
15:24:25      1441760   1890396   1761964     44.05     21288    611268   5731592     71.65   1725596    538336      4804
15:24:26      1480476   1929124   1723340     43.09     21288    611176   5719476     71.50   1688332    538248      4804
15:24:27      1443752   1892656   1757088     43.93     21320    614140   5777744     72.23   1724488    541196      5048
15:24:28      2307992   2753148    940248     23.51     21468    570216   4124224     51.56    963860    449632      5360
15:24:29      2308024   2753180    940248     23.51     21468    570220   4124224     51.56    963864    449632      5364
15:24:30      2308024   2753180    940248     23.51     21468    570220   4124224     51.56    963864    449632      5364
15:24:31      2308024   2753180    940248     23.51     21468    570220   4124224     51.56    963864    449632      5364
15:24:32      2308024   2753180    940248     23.51     21468    570220   4124224     51.56    963864    449632      5364
