Linux 5.4.0-216-generic (user2024128055) 	04/14/2026 	_aarch64_	(1 CPU)

03:58:32 AM kbmemfree   kbavail kbmemused  %memused kbbuffers  kbcached  kbcommit   %commit  kbactive   kbinact   kbdirty
03:58:33 AM    121032    834180    976792     48.75     69336    687152   5079680    123.86    948464    719800       296
03:58:34 AM    120780    833940    977040     48.76     69336    687152   5079680    123.86    948472    719808       296
03:58:35 AM    120780    833940    977040     48.76     69336    687152   5079680    123.86    948472    719808       296
03:58:36 AM    120780    833948    977032     48.76     69344    687152   5079680    123.86    948604    719808       300
03:58:37 AM     70400    784120   1024592     51.13     69344    689420   5221820    127.33    994388    721864       648
03:58:38 AM     70148    783872   1024840     51.14     69344    689424   5221820    127.33    994440    721912       632
03:58:39 AM     69644    783368   1025340     51.17     69344    689428   5221820    127.33    994640    721916       632
03:58:40 AM     69644    783368   1025316     51.17     69344    689452   5221820    127.33    994808    721928       632
03:58:41 AM     89048    802772   1006028     50.20     69356    689440   5167292    126.00    976400    721936       724
03:58:42 AM     89048    802772   1006012     50.20     69356    689456   5167292    126.00    976400    721936       728
03:58:43 AM     89048    802788   1006012     50.20     69356    689456   5175488    126.20    976516    721940       224
03:58:44 AM     89048    802788   1006012     50.20     69356    689456   5175488    126.20    976516    721940       224
03:58:45 AM     89048    802788   1006012     50.20     69356    689456   5175488    126.20    976516    721940       224
03:58:46 AM     89048    802788   1006012     50.20     69360    689452   5175488    126.20    976516    721940       372
03:58:47 AM     89048    802800   1006000     50.20     69360    689464   5175488    126.20    976596    721948       408
03:58:48 AM     67628    781396   1025656     51.18     69376    691212   5249316    128.00    996920    723688       464
03:58:49 AM     67628    781396   1025656     51.18     69376    691212   5249316    128.00    996924    723688       464
03:58:50 AM     67628    781400   1025652     51.18     69376    691216   5249316    128.00    996484    723684       468
03:58:51 AM     67628    781400   1025648     51.18     69376    691220   5249316    128.00    996484    723684       476
03:58:52 AM     67628    781404   1025648     51.18     69376    691220   5249316    128.00    996484    723688       476
03:58:53 AM     67628    781404   1025648     51.18     69380    691216   5249316    128.00    996484    723688       476
03:58:54 AM     67628    781412   1025640     51.18     69384    691220   5249316    128.00    996492    723688       476
03:58:55 AM     67628    781412   1025636     51.18     69384    691224   5249316    128.00    996492    723688       480
03:58:56 AM     67628    781412   1025636     51.18     69384    691224   5249316    128.00    996492    723688       488
03:58:57 AM     67628    781412   1025636     51.18     69384    691224   5249316    128.00    996536    723688       488
03:58:58 AM     67628    781416   1025636     51.18     69388    691220   5249316    128.00    996552    723692       488
03:58:59 AM     67628    781416   1025628     51.18     69392    691224   5249316    128.00    996552    723692       488
03:59:00 AM     67628    781432   1025620     51.18     69392    691232   5249316    128.00    996604    723700       496
03:59:01 AM     67628    781432   1025620     51.18     69392    691232   5249316    128.00    996624    723700       500
03:59:02 AM     67628    781432   1025620     51.18     69392    691232   5249316    128.00    996624    723700       500
03:59:03 AM     86528    800340   1006780     50.24     69400    691208   5177936    126.26    977464    723680       504
03:59:04 AM     64352    778176   1027172     51.26     69408    692960   5251368    128.05    998600    725424       208
03:59:05 AM     64352    778188   1027160     51.26     69416    692964   5251368    128.05    998648    725436       228
03:59:06 AM     64352    778188   1027160     51.26     69416    692964   5251368    128.05    998648    725436       376
03:59:07 AM     61520    775304   1030176     51.41     69432    693016   5286232    128.90   1000628    725436       468
03:59:08 AM     54212    768024   1039176     51.86     69432    691312   5286232    128.90   1009844    723720       508
03:59:09 AM     54212    768024   1039172     51.86     69432    691316   5286232    128.90   1009844    723720       512
03:59:10 AM     54212    768024   1039172     51.86     69432    691316   5286232    128.90   1009844    723720       512
03:59:11 AM     86428    800244   1007092     50.26     69444    691304   5178352    126.27    978036    723724       556
03:59:12 AM     79412    793240   1014152     50.61     69444    691288   5199220    126.78    985768    723700       564
03:59:13 AM     65804    779656   1025964     51.20     69460    693044   5251676    128.06    997736    725456       584
03:59:14 AM     65804    779656   1025964     51.20     69460    693044   5251676    128.06    997736    725456       584
03:59:15 AM     65804    779656   1025964     51.20     69460    693044   5251676    128.06    997736    725456       584
03:59:16 AM     65804    779660   1025960     51.20     69460    693048   5251676    128.06    997792    725460       592
03:59:17 AM     65552    779408   1026208     51.21     69460    693052   5251676    128.06    997792    725460       596
03:59:18 AM     65552    779408   1026200     51.21     69468    693052   5251676    128.06    997792    725460       596
03:59:19 AM     65552    779408   1026200     51.21     69468    693052   5251676    128.06    997792    725460       596
03:59:20 AM     66560    780428   1026908     51.25     69468    691332   5251676    128.06    997344    723736       596
03:59:21 AM     66560    780428   1026908     51.25     69468    691332   5251676    128.06    997344    723736       596
03:59:22 AM     66560    780432   1026904     51.25     69468    691336   5251676    128.06    997344    723740       600
03:59:23 AM     66560    780432   1026904     51.25     69468    691336   5251676    128.06    997384    723740       600
03:59:24 AM     66560    780432   1026892     51.25     69476    691340   5251676    128.06    997392    723740       604
03:59:25 AM     66560    780444   1026892     51.25     69476    691340   5251676    128.06    997448    723744       604
03:59:26 AM     66560    780448   1026888     51.25     69476    691344   5251676    128.06    997340    723748       608
03:59:27 AM     66812    780704   1026632     51.23     69476    691348   5251676    128.06    997340    723752       612
03:59:28 AM     66812    780704   1026632     51.23     69476    691348   5251676    128.06    997340    723752       612
03:59:29 AM     66056    780284   1027048     51.25     69484    691680   5251676    128.06    998508    724084       612
03:59:30 AM     66056    780284   1027048     51.25     69484    691680   5251676    128.06    998508    724084       612
03:59:31 AM     65804    780036   1027296     51.27     69484    691684   5251676    128.06    998524    724088       620
03:59:32 AM     66528    780760   1026572     51.23     69484    691684   5251676    128.06    997228    724088       620
03:59:33 AM     66560    780792   1026540     51.23     69484    691684   5251676    128.06    997208    724088       620
03:59:34 AM     66560    780792   1026532     51.23     69492    691684   5251676    128.06    997208    724088       620
03:59:35 AM     66560    780804   1026528     51.23     69492    691688   5251676    128.06    997292    724092       268
03:59:36 AM     66560    780804   1026528     51.23     69492    691688   5251676    128.06    997336    724092       288
03:59:37 AM     66560    780804   1026528     51.23     69492    691688   5251676    128.06    997360    724092       288
03:59:38 AM     66560    780804   1026528     51.23     69492    691688   5251676    128.06    997360    724092       288
03:59:39 AM     85964    800232   1007148     50.26     69508    691668   5178380    126.27    978228    724044       344
03:59:40 AM     63788    778072   1027540     51.28     69520    693420   5251768    128.06    999424    725796       240
03:59:41 AM     63788    778072   1027536     51.28     69520    693424   5251768    128.06    999428    725796       392
03:59:42 AM     63788    778072   1027536     51.28     69520    693424   5251768    128.06    999428    725796       392
03:59:43 AM     63788    778072   1027536     51.28     69520    693424   5251768    128.06    999428    725796       392
03:59:44 AM     64544    778828   1028492     51.33     69520    691712   5251768    128.06    998944    724080       396
03:59:45 AM     64796    779088   1028236     51.31     69528    691708   5251768    128.06    998952    724076       396
03:59:46 AM     64796    779088   1028236     51.31     69528    691708   5251768    128.06    998952    724076       396
03:59:47 AM     64796    779088   1028236     51.31     69528    691708   5251768    128.06    998952    724076       396
03:59:48 AM     64796    779088   1028232     51.31     69528    691712   5251768    128.06    998952    724076       400
03:59:49 AM     89492    803804   1003576     50.08     69536    691684   5174724    126.18    974780    724052       404
03:59:50 AM     89492    803804   1003576     50.08     69536    691684   5174724    126.18    974800    724052       404
03:59:51 AM     89492    803804   1003768     50.09     69536    691492   5174724    126.18    974856    723860       404
03:59:52 AM     89492    803804   1003768     50.09     69536    691492   5174724    126.18    974916    723860       404
03:59:53 AM     89492    803812   1003760     50.09     69536    691500   5174724    126.18    974968    723868       412
03:59:54 AM     89492    803812   1003752     50.09     69544    691500   5174724    126.18    974972    723868       412
03:59:55 AM     89492    803820   1003752     50.09     69544    691500   5174724    126.18    974980    723868       412
