Linux 5.4.0-216-generic (user2024128055) 	04/14/26 	_aarch64_	(4 CPU)

12:28:18        CPU     %user     %nice   %system   %iowait    %steal     %idle
12:28:19        all      3.51      0.00      0.75      0.00      0.00     95.74
12:28:19          0      5.00      0.00      1.00      0.00      0.00     94.00
12:28:19          1      4.95      0.00      1.98      0.00      0.00     93.07
12:28:19          2      3.03      0.00      0.00      0.00      0.00     96.97
12:28:19          3      1.01      0.00      0.00      0.00      0.00     98.99

12:28:19        CPU     %user     %nice   %system   %iowait    %steal     %idle
12:28:20        all      0.74      0.00      0.25      0.00      0.00     99.01
12:28:20          0      0.00      0.00      0.00      0.00      0.00    100.00
12:28:20          1      0.99      0.00      0.00      0.00      0.00     99.01
12:28:20          2      0.99      0.00      0.00      0.00      0.00     99.01
12:28:20          3      0.98      0.00      0.98      0.00      0.00     98.04

12:28:20        CPU     %user     %nice   %system   %iowait    %steal     %idle
12:28:21        all      0.25      0.00      0.75      0.00      0.00     99.00
12:28:21          0      0.00      0.00      0.99      0.00      0.00     99.01
12:28:21          1      0.00      0.00      1.01      0.00      0.00     98.99
12:28:21          2      0.99      0.00      0.99      0.00      0.00     98.02
12:28:21          3      0.00      0.00      0.00      0.00      0.00    100.00

12:28:21        CPU     %user     %nice   %system   %iowait    %steal     %idle
12:28:22        all      0.25      0.00      0.25      0.00      0.00     99.50
12:28:22          0      0.00      0.00      0.00      0.00      0.00    100.00
12:28:22          1      1.00      0.00      0.00      0.00      0.00     99.00
12:28:22          2      0.00      0.00      1.00      0.00      0.00     99.00
12:28:22          3      0.00      0.00      0.00      0.00      0.00    100.00

12:28:22        CPU     %user     %nice   %system   %iowait    %steal     %idle
12:28:23        all      0.75      0.00      0.50      0.00      0.00     98.76
12:28:23          0      1.00      0.00      0.00      0.00      0.00     99.00
12:28:23          1      1.98      0.00      0.00      0.00      0.00     98.02
12:28:23          2      0.00      0.00      1.00      0.00      0.00     99.00
12:28:23          3      0.00      0.00      0.99      0.00      0.00     99.01

12:28:23        CPU     %user     %nice   %system   %iowait    %steal     %idle
12:28:24        all      0.25      0.00      0.00      0.75      0.00     99.00
12:28:24          0      0.00      0.00      0.00      3.00      0.00     97.00
12:28:24          1      0.00      0.00      0.00      0.00      0.00    100.00
12:28:24          2      1.00      0.00      0.00      0.00      0.00     99.00
12:28:24          3      0.00      0.00      0.00      0.00      0.00    100.00

12:28:24        CPU     %user     %nice   %system   %iowait    %steal     %idle
12:28:25        all      0.50      0.00      0.00      0.00      0.00     99.50
12:28:25          0      1.00      0.00      0.00      0.00      0.00     99.00
12:28:25          1      1.00      0.00      0.00      0.00      0.00     99.00
12:28:25          2      0.00      0.00      0.00      0.00      0.00    100.00
12:28:25          3      0.00      0.00      0.00      0.00      0.00    100.00

12:28:25        CPU     %user     %nice   %system   %iowait    %steal     %idle
12:28:26        all      0.50      0.00      0.50      0.00      0.00     99.00
12:28:26          0      0.00      0.00      0.00      0.00      0.00    100.00
12:28:26          1      0.99      0.00      0.99      0.00      0.00     98.02
12:28:26          2      0.99      0.00      0.99      0.00      0.00     98.02
12:28:26          3      0.00      0.00      0.00      0.00      0.00    100.00

12:28:26        CPU     %user     %nice   %system   %iowait    %steal     %idle
12:28:27        all      0.75      0.00      0.00      0.00      0.00     99.25
12:28:27          0      0.99      0.00      0.00      0.00      0.00     99.01
12:28:27          1      1.00      0.00      0.00      0.00      0.00     99.00
12:28:27          2      1.00      0.00      0.00      0.00      0.00     99.00
12:28:27          3      0.00      0.00      0.00      0.00      0.00    100.00

12:28:27        CPU     %user     %nice   %system   %iowait    %steal     %idle
12:28:28        all      0.50      0.00      0.75      0.00      0.00     98.75
12:28:28          0      0.99      0.00      0.99      0.00      0.00     98.02
12:28:28          1      0.00      0.00      0.00      0.00      0.00    100.00
12:28:28          2      0.00      0.00      1.00      0.00      0.00     99.00
12:28:28          3      1.00      0.00      1.00      0.00      0.00     98.00

12:28:28        CPU     %user     %nice   %system   %iowait    %steal     %idle
12:28:29        all      0.50      0.00      0.50      0.25      0.00     98.74
12:28:29          0      0.00      0.00      1.01      1.01      0.00     97.98
12:28:29          1      1.00      0.00      0.00      0.00      0.00     99.00
12:28:29          2      0.00      0.00      1.00      0.00      0.00     99.00
12:28:29          3      1.01      0.00      0.00      0.00      0.00     98.99

12:28:29        CPU     %user     %nice   %system   %iowait    %steal     %idle
12:28:30        all      2.00      0.00      0.50      0.00      0.00     97.51
12:28:30          0      1.98      0.00      0.99      0.00      0.00     97.03
12:28:30          1      1.01      0.00      0.00      0.00      0.00     98.99
12:28:30          2      3.96      0.00      0.00      0.00      0.00     96.04
12:28:30          3      1.00      0.00      1.00      0.00      0.00     98.00
