Linux 5.4.0-216-generic (user2024128055) 	04/14/26 	_aarch64_	(4 CPU)

12:28:18    kbmemfree   kbavail kbmemused  %memused kbbuffers  kbcached  kbcommit   %commit  kbactive   kbinact   kbdirty
12:28:19      2018876   2790528    907176     22.68     51800    838304   3922300     49.03   1082240    601088         8
12:28:20      2018876   2790496    907204     22.68     51800    838276   3922300     49.03   1082344    601104        16
12:28:21      2018876   2790496    907204     22.68     51800    838276   3922300     49.03   1082344    601104        16
12:28:22      2018876   2790496    907204     22.68     51800    838276   3922300     49.03   1082344    601104        16
12:28:23      2018876   2790496    907204     22.68     51800    838276   3922300     49.03   1082344    601104        16
12:28:24      2018876   2790496    907192     22.68     51808    838280   3922300     49.03   1082344    601104        56
12:28:25      2018876   2790496    907192     22.68     51808    838280   3922300     49.03   1082344    601104        56
12:28:26      2018876   2790496    907192     22.68     51808    838280   3922300     49.03   1082344    601104        56
12:28:27      2018876   2790496    907192     22.68     51808    838280   3922300     49.03   1082344    601104        56
12:28:28      2018876   2790496    907188     22.68     51808    838284   3922300     49.03   1082344    601104        60
12:28:29      2018876   2790496    907184     22.68     51816    838280   3922300     49.03   1082344    601104        64
12:28:30      2018876   2790496    907176     22.68     51816    838288   3922300     49.03   1082344    601104        64
