Linux 5.4.0-216-generic (user2024128055) 	04/14/2026 	_aarch64_	(1 CPU)

04:29:29 AM kbmemfree   kbavail kbmemused  %memused kbbuffers  kbcached  kbcommit   %commit  kbactive   kbinact   kbdirty
04:29:30 AM     79452    789244   1019804     50.89     69772    687804   5188792    126.53   1000460    711540       188
04:29:31 AM     79452    789244   1019796     50.89     69780    687804   5188792    126.53   1000460    711540       224
04:29:32 AM     79452    789244   1019796     50.89     69780    687804   5188792    126.53   1000460    711540       224
04:29:33 AM     79452    789256   1019796     50.89     69780    687804   5188792    126.53   1000360    711544       224
04:29:34 AM     79452    789256   1019796     50.89     69780    687804   5188792    126.53   1000360    711544       224
04:29:35 AM     79452    789256   1019792     50.89     69780    687808   5188792    126.53   1000360    711544       228
04:29:36 AM     79452    789268   1019784     50.89     69788    687808   5188792    126.53   1000368    711548       228
04:29:37 AM     79452    789268   1019784     50.89     69788    687808   5188792    126.53   1000368    711548       232
04:29:38 AM     79452    789268   1019784     50.89     69788    687808   5188792    126.53   1000368    711548       232
04:29:39 AM     79452    789268   1019780     50.89     69788    687812   5188792    126.53   1000368    711548       236
04:29:40 AM     79452    789312   1019716     50.89     69804    687860   5188792    126.53   1000412    711548       280
04:29:41 AM     79452    789324   1019724     50.89     69804    687852   5188792    126.53   1000452    711552       300
04:29:42 AM     79452    789324   1019724     50.89     69804    687852   5188792    126.53   1000452    711552       300
04:29:43 AM     79452    789324   1019724     50.89     69804    687852   5188792    126.53   1000452    711552       300
04:29:44 AM     79452    789324   1019716     50.89     69804    687860   5188792    126.53   1000452    711552       308
04:29:45 AM     79452    789324   1019716     50.89     69804    687860   5188792    126.53   1000452    711552       308
04:29:46 AM     79452    789336   1019708     50.89     69812    687860   5188792    126.53   1000452    711564       312
04:29:47 AM     79452    789336   1019704     50.89     69812    687864   5188792    126.53   1000452    711564       316
04:29:48 AM     79452    789336   1019700     50.89     69812    687868   5188792    126.53   1000452    711564       320
04:29:49 AM     79452    789336   1019700     50.89     69812    687868   5188792    126.53   1000364    711564       320
04:29:50 AM     79452    789352   1019700     50.89     69812    687868   5188792    126.53   1000396    711548       320
04:29:51 AM     79452    789352   1019692     50.89     69820    687868   5188792    126.53   1000396    711548       320
04:29:52 AM     79452    789364   1019688     50.89     69820    687872   5188792    126.53   1000404    711552       324
04:29:53 AM     79452    789364   1019688     50.89     69820    687872   5188792    126.53   1000404    711552       148
04:29:54 AM     79452    789364   1019688     50.89     69820    687872   5188792    126.53   1000404    711552       132
