Linux 5.4.0-216-generic (user2024128055) 	04/14/26 	_aarch64_	(4 CPU)

15:26:50    kbmemfree   kbavail kbmemused  %memused kbbuffers  kbcached  kbcommit   %commit  kbactive   kbinact   kbdirty
15:26:51      2607888   2736632    960140     24.01      2640    272540   4204432     52.56    818248    299652       236
15:26:52      2607888   2736640    960140     24.01      2640    272540   4204432     52.56    818260    299668       192
15:26:53      2607888   2736640    960140     24.01      2648    272532   4204432     52.56    818268    299660       192
15:26:54      2607888   2736648    960132     24.01      2648    272540   4204432     52.56    818308    299664       208
15:26:55      2607888   2736648    960132     24.01      2648    272540   4204432     52.56    818308    299664       208
15:26:56      2607888   2736648    960128     24.01      2648    272544   4204432     52.56    818308    299664       212
15:26:57      2607888   2736648    960128     24.01      2648    272544   4204432     52.56    818308    299664       212
15:26:58      2607888   2736672    960120     24.00      2656    272544   4204432     52.56    818364    299668       212
15:26:59      2607888   2736672    960120     24.00      2656    272544   4204432     52.56    818364    299668       212
15:27:00      2607888   2736672    960120     24.00      2656    272544   4204432     52.56    818364    299668       212
15:27:01      2607888   2737172    959592     23.99      3052    272680   4204432     52.56    818772    299776       220
15:27:02      2607888   2737172    959592     23.99      3052    272680   4204432     52.56    818772    299776       220
15:27:03      2607888   2737208    959584     23.99      3060    272680   4204432     52.56    818756    299804       184
15:27:04      2607888   2737208    959584     23.99      3060    272680   4204432     52.56    818756    299804       184
15:27:05      2607888   2737208    959580     23.99      3060    272684   4204432     52.56    818756    299804       188
15:27:06      2607888   2737208    959576     23.99      3060    272688   4204432     52.56    818756    299804       192
